1412830800		101.5400
1412917200		100.6900
1413176400		101.3300
1413262800		100.3900
1413349200		97.9700
1413435600		95.5500
1413522000		97.5000
1413781200		98.3200
1413867600		103.0200
1413954000		102.8400
1414040400		104.0800
1414126800		105.1800
1414386000		104.8500
1414472400		105.4000
1414558800		106.6500
1414645200		106.9600
1414731600		108.0100
1414994400		108.2200
1415080800		109.3600
1415167200		109.1000
1415253600		108.6000
1415340000		108.7500
1415599200		109.0200
1415685600		108.7000
1415772000		109.3800
1415858400		111.8000
1415944800		113.1500
1416204000		114.2700
1416290400		113.9400
1416376800		115.4400
1416463200		114.9100
1416549600		117.5100
1416808800		116.8500
1416895200		119.0700
1416981600		117.9400
1417154400		119.2700
1417413600		118.8100
1417500000		113.5000
1417586400		115.7500
1417672800		115.7700
1417759200		115.9900
1418018400		114.1000
1418104800		110.1900
1418191200		114.4100
1418277600		112.2600
1418364000		110.4600
1418623200		110.7000
1418709600		106.3700
1418796000		107.1200
1418882400		111.8700
1418968800		112.2600
1419228000		112.1600
1419314400		113.2300
1419400800		112.5800
1419573600		112.1000
1419832800		113.7900
1419919200		113.6400
1420005600		112.8200
1420178400		111.3900
1420437600		108.2900
1420524000		106.5400
1420610400		107.2000
1420696800		109.2300
1420783200		112.6700
1421042400		112.6000
1421128800		111.4300
1421215200		109.0400
1421301600		110.0000
1421388000		107.0300
1421733600		107.8400
1421820000		108.9500
1421906400		110.2600
1421992800		112.3000
1422252000		113.7400
1422338400		112.4200
1422424800		117.6300
1422511200		116.3200
1422597600		118.4000
1422856800		118.0500
1422943200		118.5000
1423029600		118.5000
1423116000		120.0200
1423202400		120.0200
1423461600		118.5500
1423548000		120.1700
1423634400		122.7700
1423720800		126.0600
1423807200		127.2800
1424152800		127.4900
1424239200		127.6300
1424325600		128.4800
1424412000		128.6200
1424671200		130.0200
1424757600		132.9400
1424844000		131.5600
1424930400		128.7900
1425016800		130.0000
1425276000		129.2500
1425362400		128.9600
1425448800		129.1000
1425535200		128.5800
1425621600		128.4000
1425877200		127.9600
1425963600		126.4100
1426050000		124.7500
1426136400		122.3100
1426222800		124.4000
1426482000		123.8800
1426568400		125.9000
1426654800		127.0000
1426741200		128.7500
1426827600		128.2500
1427086800		127.1200
1427173200		127.2300
1427259600		126.5400
1427346000		122.7600
1427432400		124.5700
1427691600		124.0500
1427778000		126.0900
1427864400		124.8200
1427950800		125.0300
1428296400		124.4700
1428382800		127.6400
1428469200		125.8500
1428555600		125.8500
1428642000		125.9500
1428901200		128.3700
1428987600		127.0000
1429074000		126.4100
1429160400		126.2800
1429246800		125.5500
1429506000		125.5700
1429592400		128.1000
1429678800		126.9900
1429765200		128.3000
1429851600		130.4900
1430110800		132.3100
1430197200		134.4600
1430283600		130.1600
1430370000		128.6400
1430456400		126.1000
1430715600		129.5000
1430802000		128.1500
1430888400		126.5600
1430974800		124.7700
1431061200		126.6800
1431320400		127.3900
1431406800		125.6000
1431493200		126.1500
1431579600		127.4100
1431666000		129.0700
1431925200		128.3800
1432011600		130.6900
1432098000		130.0000
1432184400		130.0700
1432270800		131.6000
1432616400		132.6000
1432702800		130.3400
1432789200		131.8600
1432875600		131.2300
1433134800		130.2800
1433221200		129.8600
1433307600		130.6600
1433394000		129.5800
1433480400		129.5000
1433739600		128.9000
1433826000		126.7000
1433912400		127.9200
1433998800		129.1800
1434085200		128.1900
1434344400		126.1000
1434430800		127.0300
1434517200		127.7200
1434603600		127.2300
1434690000		127.7100
1434949200		127.4900
1435035600		127.4800
1435122000		127.2100
1435208400		128.8600
1435294800		127.6700
1435554000		125.4600
1435640400		125.5700
1435726800		126.9000
1435813200		126.4300
1436158800		124.9400
1436245200		125.8900
1436331600		124.4800
1436418000		123.8500
1436504400		121.9400
1436763600		125.0300
1436850000		126.0400
1436936400		125.7200
1437022800		127.7400
1437109200		129.0800
1437368400		130.9700
1437454800		132.8500
1437541200		121.9900
1437627600		126.2000
1437714000		125.3200
1437973200		123.0900
1438059600		123.3800
1438146000		123.1500
1438232400		122.3200
1438318800		122.6000
1438578000		121.5000
1438664400		117.4200
1438750800		112.9500
1438837200		115.9700
1438923600		114.5800
1439182800		116.5300
1439269200		117.8100
1439355600		112.5300
1439442000		116.0400
1439528400		114.3200
1439787600		116.0400
1439874000		116.4300
1439960400		116.1000
1440046800		114.0800
1440133200		110.4300
1440392400		94.8700
1440478800		111.1100
1440565200		107.0900
1440651600		112.2300
1440738000		112.1700
1440997200		112.0300
1441083600		110.1500
1441170000		110.2300
1441256400		112.4900
1441342800		108.9700
1441688400		111.7500
1441774800		113.7600
1441861200		110.2700
1441947600		111.7900
1442206800		116.5800
1442293200		115.9300
1442379600		116.2500
1442466000		115.6600
1442552400		112.2100
1442811600		113.6700
1442898000		113.3800
1442984400		113.6300
1443070800		113.2500
1443157200		116.4400
1443416400		113.8500
1443502800		112.8300
1443589200		110.1700
1443675600		109.0700
1443762000		108.0100
1444021200		109.8800
1444107600		110.6300
1444194000		111.7400
1444280400		110.1900
